"","alpha_base","gamma_rplc.r.sll","gamma_rdc.nd.cmpnst","gamma_shrt.flghts","gamma_mdm.flghts","gamma_lng.flghts","gamma_dt","gamma_inslt.rf","gamma_inslt.fcd","gamma_rplc.wndws","gamma_vntltn","gamma_ht.pmp","gamma_slr.pnls","gamma_rdc.tmp","gamma_crtfct","gamma_co2.offset","gamma_undercomp.w.offset","asc_rplc.r.sll","asc_rdc.nd.cmpnst","asc_shrt.flghts","asc_mdm.flghts","asc_lng.flghts","asc_dt","asc_inslt.rf","asc_inslt.fcd","asc_rplc.wndws","asc_vntltn","asc_ht.pmp","asc_slr.pnls","asc_rdc.tmp","asc_crtfct","asc_co2.offset","asc_undercomp.w.offset","b_rplc.r.sll_income","b_rdc.nd.cmpnst_income","b_shrt.flghts_income","b_mdm.flghts_income","b_lng.flghts_income","b_dt_income","b_inslt.rf_income","b_inslt.fcd_income","b_rplc.wndws_income","b_vntltn_income","b_ht.pmp_income","b_slr.pnls_income","b_rdc.tmp_income","b_crtfct_income","b_co2.offset_income","b_undercomp.w.offset_income","b_rplc.r.sll_initial","b_rdc.nd.cmpnst_initial","b_shrt.flghts_initial","b_mdm.flghts_initial","b_lng.flghts_initial","b_dt_initial","b_inslt.rf_initial","b_inslt.fcd_initial","b_rplc.wndws_initial","b_vntltn_initial","b_ht.pmp_initial","b_slr.pnls_initial","b_rdc.tmp_initial","b_crtfct_initial","b_co2.offset_initial","b_undercomp.w.offset_initial"
"alpha_base",-6.71237102252303e-14,1.08368924102714e-11,1.76752450433893e-16,-5.33740741252401e-10,-1.01065342145056e-10,-3.02069628131433e-11,1.62767599467003e-12,8.36639123637658e-12,5.04127594556012e-12,-1.16209004290653e-11,1.74500519430849e-11,-1.27379459185658e-12,-6.55287713202787e-17,3.15919915407799e-11,-5.31789686109098e-11,-4.16864493490649e-18,-3.94739574085436e-11,2.30565898948581e-13,-9.63570643669955e-15,-1.28934884520954e-15,2.48793012126028e-13,1.59988443262616e-11,-1.64333212850931e-10,-3.49861040336976e-16,1.51504574995627e-11,2.25408408037592e-13,-1.11311187513817e-11,5.31197862940841e-13,1.77501259189398e-11,-1.17484143334305e-15,2.23077371178493e-13,1.25852868266706e-11,1.80017302852453e-11,-1.84300845393437e-08,2.60301736347994e-10,-2.99142004264468e-16,1.27809778875884e-10,4.49518624316075e-09,2.25271386511393e-09,-4.268258808282e-09,5.53246718160426e-14,-7.70300108646063e-08,3.82926504078193e-11,-2.43652702922669e-09,7.69747055562648e-09,1.91819981397038e-10,-6.77413707422917e-08,4.01410047283113e-11,-1.48468871605113e-08,6.70413653200366e-17,-8.99437608002303e-10,3.71107488337040e-09,-2.63593602109558e-07,-2.85258933402542e-09,3.25731200386718e-14,6.89867481229454e-16,-5.59896350879156e-10,2.84531151321097e-14,-1.06690787198947e-08,6.15058699614488e-10,-1.58876686253644e-15,7.52247380050758e-10,3.43899139189182e-11,9.65928994801665e-10,-2.4704743247346e-17
"gamma_rplc.r.sll",1.08368924102714e-11,-4.78793302562644,0.107012169858108,0.0199339807091797,0.00052135036670654,-0.00140676244852994,0.0539247531442964,-0.00131894226641943,-0.00148785963182288,-0.000617015516137703,-0.000519373176298448,-0.00212196242580859,0.0205133598347409,0.133046722642252,-0.00555584319626299,-0.00118073896672896,-0.00647482877236856,-10.872993425818,1.5597027656308,0.215158750793163,0.401956006889602,0.200301999991486,0.766348506569759,0.205352460427187,0.131280224445864,0.207991189620767,0.0808820488576587,0.210090340387431,0.383999590637372,1.42391782233469,0.883454360150914,0.129602153589215,1.15988303220963,-112.848968618759,15.7959386135131,2.45604370752034,4.50985177795154,2.30935240690895,8.06003244906529,2.19286667717893,1.29068261441672,2.32057950716072,0.942800104516637,2.3530343347204,4.46456626903441,15.108317561984,9.25656614612946,1.318240916685,10.726218358153,-23.9108920826273,3.2491209024561,0.590325262722323,1.02433905519135,0.650999678910799,1.60060719330414,0.420693936585966,0.261443633352223,0.415409925109679,0.148024872352326,0.732408159847446,0.826077917206234,3.07000674069349,1.84252537773769,0.310187086025961,2.45629703012243
"gamma_rdc.nd.cmpnst",1.76752450433893e-16,0.107012169858108,-211.692486328952,0.301374155829357,0.0672919804541537,0.00326884090169001,0.882918476684368,0.00990000752387767,0.000274307007669497,0.0181449095108973,0.00370213553986668,0.000997215534409098,0.255695638298993,2.0692793716625,0.0590317332876861,0.00188693189231958,0.0408662785532971,9.45143604677823,-113.622922144562,1.9128923527349,3.76445996635325,1.78574533979605,9.17398734087382,1.67243993016969,1.16948650903818,1.69075899032649,0.696788248134909,1.76430517793125,3.79657692577793,15.3184948356948,10.3665515574273,2.39214314630221,14.3562585683861,91.6483471258257,-1069.72883574116,19.0233190477176,37.8928122428433,17.5235859749014,89.7533315384404,16.165463064297,10.7146968705897,16.8757406478133,7.39992219769044,17.5612143214128,38.4822828780894,143.16556802389,99.3915401550644,22.4733830554479,122.929087750486,19.6891154800352,-234.058167752684,4.77903352370379,8.96631674328859,5.48575751616808,18.5061251579711,3.25889815389392,2.25548748748437,3.24153945146401,1.17935256766126,5.98711628839981,6.61732051628048,29.7372848408934,20.789540546671,4.63466461495665,28.7505328714113
"gamma_shrt.flghts",-5.33740741252401e-10,0.0199339807091797,0.301374155829357,-30.0674539566128,0.0319354949304105,0.00186769911452509,0.14374385579713,0.00164031539031477,-1.4182047304438e-05,0.00249601901126802,0.000754667585919789,0.000333720059349068,0.0392846403922948,0.387950731343338,0.0079499394205279,0.000149846691041039,0.00445929193785942,1.29770042455226,2.05112932519882,-22.5694621843538,1.5224994157502,0.819913358975279,1.62363968865232,0.218314148098933,0.1516657517592,0.240269075037229,0.0975210003850949,0.376604818744408,0.550646092003457,2.89514578875331,1.86067756069032,0.367146154590835,2.54577084677638,14.3511175164126,20.7505984364647,-227.240592668068,15.5870300581717,8.6585543880149,16.690095355237,2.56255775538188,1.63071055695769,2.85819791722602,1.22504388558032,4.36702807659271,7.34180652916695,29.2129104363757,18.7896397174616,3.83202000724273,21.9776975541688,3.75202469131447,5.86961863145268,-62.8970013819629,4.47753205854656,2.94731477776328,4.20281747104475,0.581869136387635,0.389420333266585,0.637221418859272,0.257670538117038,1.57768864993792,1.41917809836336,8.22269339054325,4.88596621558374,0.975500960159905,6.63460567161581
"gamma_mdm.flghts",-1.01065342145056e-10,0.00052135036670654,0.0672919804541537,0.0319354949304105,-1.53280449137126,-0.00165910860569245,0.0283030763909795,-0.000359368486638259,-0.000203466661902634,-0.000205700734309919,-0.000205099475489634,-0.000452933365218997,0.00556124563030585,0.0852451643558269,-0.00378763448819636,-0.000601845022920706,-0.00192092737212666,0.292360580166372,0.486633022332333,0.168098063104255,-5.1116447326005,0.150006485074584,0.39447834727127,0.0467407988991169,0.0307474158661305,0.049181145474913,0.0205602565431929,0.0646921156054166,0.109759101582129,0.663039894353289,0.438722629240373,0.0575471931506441,0.663486060879104,3.15758849200818,4.86134993986529,1.75355798253364,-50.5070698645217,1.51798583387444,3.91870242411819,0.50424383384313,0.305740019624978,0.549913582544711,0.240712103221988,0.756352053270603,1.36173517049969,6.70582271206808,4.43808549885977,0.663114940287802,5.63652803579255,0.802291698607672,1.27676761829845,0.50584491020495,-13.4003965642467,0.52309808976809,0.970623071918806,0.115143002703973,0.078826871626975,0.123467114954729,0.05083588479445,0.276457229961029,0.283720671823125,1.72582088549522,1.09444836645019,0.159508573210912,1.66174074860281
"gamma_lng.flghts",-3.02069628131433e-11,-0.00140676244852994,0.00326884090169001,0.00186769911452509,-0.00165910860569245,-0.0551973854974198,0.000561111839676663,-0.000324071886775968,-0.000219142771424718,-0.000353144466283909,-0.000185090805322139,-0.000272133274897967,-0.000115185565308751,0.00687037241374128,-0.0018516978621691,-0.000104192812425592,-0.000558167161748117,0.0359179483654929,0.0632625633416518,0.01971750541846,0.0284527766223124,-0.638718656051801,0.0423897542285466,0.00684645892816088,0.0042466240525007,0.00696586032358676,0.00292665572454788,0.00979578393222997,0.0169326081394934,0.0980098365149139,0.0504720097194404,0.00296611787911025,0.0727626866834085,0.370352485466027,0.62764501278743,0.211832853158805,0.319498579772267,-6.45552810254545,0.434377815009125,0.0759927228464862,0.0453191151868579,0.0785419600619993,0.0354888932852016,0.118954153267112,0.209931942565589,1.01076077231527,0.508100048968877,0.0324707786223324,0.633458068519442,0.133091339154723,0.207811063744378,0.0694965999995365,0.102719167615331,-2.16425536255372,0.141392568208376,0.0205908655543598,0.0129050347789557,0.0207995729243083,0.00915703487427207,0.045203017397199,0.0510825292904456,0.331981823814617,0.169460342533219,0.013104782984845,0.24846149162829
"gamma_dt",1.62767599467003e-12,0.0539247531442964,0.882918476684368,0.14374385579713,0.0283030763909795,0.000561111839676663,-139.21095356212,0.00244073694089095,-0.000417397260968066,0.00451866576760145,0.00117590688023438,-0.000413207339035141,0.0992748131809256,0.938396588513908,0.0252814892246114,-1.00486333494082e-05,0.00911832973601007,3.29709813114912,5.31305725207624,0.910498065788066,1.63085205916115,0.791088563162568,-49.9588418501736,0.555369231055444,0.387032627770075,0.590318111197817,0.261380925012033,0.537095061912782,1.34530205960555,6.27780514563499,4.62721078073664,0.883802575708653,6.70303046062487,35.3770986374606,54.2697344700301,9.28494086887276,17.7604282907588,8.46828188821356,-497.966831484885,5.64600058925062,3.68183714492479,6.24582684238466,2.95033409578825,5.88809047162855,15.1202059221203,62.691957121875,46.9426821438864,8.52538160513761,59.7342826834316,6.52686785524656,10.4662991818601,2.06879441576372,3.76999102885487,2.31467650888059,-97.3754124047623,1.00735451281538,0.708368996014066,1.06313603466871,0.416969772526351,1.85518117798049,2.28916620106966,11.4014388490439,8.78791580945341,1.73622742487157,12.6572645136371
"gamma_inslt.rf",8.36639123637658e-12,-0.00131894226641943,0.00990000752387767,0.00164031539031477,-0.000359368486638259,-0.000324071886775968,0.00244073694089095,-0.964147601258183,-0.00417890387530241,-0.00274443353874535,-0.00102507364592757,-0.00129662877488561,0.00835138190064122,0.0104070618695309,-0.000508107025606857,-0.000462194225861387,-0.00188920559045152,0.114822992211649,0.147023883791867,0.0200443619440209,0.0410877177863257,0.0183140781776738,0.0969622402692731,-2.0124375855184,0.0766263917491139,0.109040295504434,0.0298260793273646,0.171030971817738,0.16490041580848,0.262920313296936,0.120459775732768,0.00987268053168921,0.151562019627171,1.19297848467162,1.36372328804321,0.1904670645304,0.419075950639457,0.203679051340007,0.977667952813197,-19.1555925410738,0.658925986437164,1.01971179293117,0.293270565907502,1.63884569533701,1.55056797263211,2.49785152377979,1.1929330672547,0.101003769479098,1.30112437236218,0.259707312416866,0.345046875382226,0.0598224562148528,0.111858708157549,0.0685734239731778,0.212647022499729,-5.69288360996368,0.211950508130502,0.302592610608065,0.0801293205260371,0.728865982164227,0.495808825793904,0.724114206659144,0.276978002364879,0.0136450240788183,0.361317182349563
"gamma_inslt.fcd",5.04127594556012e-12,-0.00148785963182288,0.000274307007669497,-1.4182047304438e-05,-0.000203466661902634,-0.000219142771424718,-0.000417397260968066,-0.00417890387530241,-0.222210252530418,-0.00252491246455284,-0.000835958139890097,-0.00126183081424284,1.89204564172438e-05,0.000683272509723879,-0.000291816778077665,-0.000188622054932942,-0.000972632038967652,0.0275332637885086,0.0420285071732589,0.0033810905722696,0.00841963129868124,0.00431228128962183,0.0247752950534636,0.0249407709781185,-0.544452181803305,0.0286856597245333,0.00743506405492266,0.044117372598083,0.0406500109866529,0.0710051070886587,0.0309614189746541,0.00173175184182671,0.0422059539689671,0.236783271628612,0.357252807384434,0.0344223690013602,0.0860476061767728,0.0499648452642108,0.215835722597195,0.204341154888675,-4.63021820832449,0.242379479685547,0.0642599971835651,0.385897916112256,0.342057148427135,0.606703430578823,0.267682165218493,0.0159032507084235,0.327295302186522,0.0641610269005216,0.0947678834052979,0.0110299151049896,0.0232643268939736,0.0151046932427004,0.0537404802523292,0.0654213277955945,-1.52945268214732,0.076845357435326,0.0195583738242667,0.182026356834921,0.118776802310506,0.192274767000714,0.0695555099099145,0.00192441111597237,0.0964618429934828
"gamma_rplc.wndws",-1.16209004290653e-11,-0.000617015516137703,0.0181449095108973,0.00249601901126802,-0.000205700734309919,-0.000353144466283909,0.00451866576760145,-0.00274443353874535,-0.00252491246455284,-2.09228767048013,-0.000703762927025841,-0.00162525881363963,0.0137390410853752,0.0153139653827923,-0.000883580777353174,-0.000300423924648553,-0.00210389703031836,0.176135382734256,0.209188505515798,0.0282243152550791,0.0602154927484686,0.0276373225152697,0.143928824075954,0.146820457442059,0.108186072253755,-2.8534340487708,0.043994522132786,0.232307391153904,0.259907037239729,0.36869119390937,0.172407935274764,0.0170304772693004,0.197876085585866,1.9906714730437,2.14150283208495,0.306313594102543,0.653596191464893,0.339323149594956,1.61237514042144,1.48020647799289,1.02659891802099,-30.053260228393,0.482795716681,2.3902498256633,2.74406871510655,3.92056183938292,1.8992613967074,0.193132682010327,1.85947137394704,0.383222017351827,0.480217569099701,0.0800185343697246,0.164876784011191,0.0984213850028793,0.308449478339656,0.382496087590386,0.280391726938734,-7.63576267914278,0.11125417626441,0.910647662509877,0.725432301601132,0.973239805809058,0.383298268692317,0.0275490804459943,0.453381975341913
"gamma_vntltn",1.74500519430849e-11,-0.000519373176298448,0.00370213553986668,0.000754667585919789,-0.000205099475489634,-0.000185090805322139,0.00117590688023438,-0.00102507364592757,-0.000835958139890097,-0.000703762927025841,-1.5756939900697,-0.000394667091317048,0.00191951056492004,0.00357925647326959,-0.00115166543168415,-0.000105009733442345,-0.000653321060443813,0.0238364702990751,0.0383681475403184,0.00658784580665882,0.0109367900884719,0.00835036190685813,0.027208825623237,0.0136770858282236,0.00956125663300245,0.01602771327124,-0.438652147306671,0.0172095663241036,0.0355133509393353,0.0532715021877696,0.0301692309502547,0.00259924458786539,0.0386549067411059,0.279298389811673,0.454492492554025,0.0776791114256384,0.137559958231625,0.106323141509001,0.314592732462706,0.144963017622908,0.0973584578052901,0.17284627259004,-4.92825675624011,0.16496218805412,0.405576470583124,0.618064658160033,0.343565268584522,0.0267785607137152,0.397417820493275,0.0380289663053085,0.074956048049709,0.0167059419595365,0.0333095476337001,0.0324856646675451,0.0478481727722874,0.027626280450023,0.0188491636803804,0.0334591073054475,-0.946418410618197,0.0737222863856069,0.0691033070454974,0.125027252835263,0.0549199293228432,0.00390213333841087,0.0715567008844816
"gamma_ht.pmp",-1.27379459185658e-12,-0.00212196242580859,0.000997215534409098,0.000333720059349068,-0.000452933365218997,-0.000272133274897967,-0.000413207339035141,-0.00129662877488561,-0.00126183081424284,-0.00162525881363963,-0.000394667091317048,-0.0183447419954477,0.00103344330680196,0.00152810266959147,-0.000260928617571515,3.41206351137841e-11,-2.19903553701837e-05,0.044570614697111,0.0581830057572848,0.00878873150513238,0.0166393891127927,0.00957772156338015,0.0353024249798248,0.0477018253861647,0.0300200601026192,0.0454567887372455,0.0133992656263866,-0.825780350484063,0.0828206531052326,0.111959591593365,0.0437137656797392,6.54776429214265e-06,0.0522087800129701,0.509058959163032,0.627789522717335,0.108303690297639,0.194535032060164,0.115983909052988,0.396625256985634,0.493999186202812,0.291110951472589,0.48419784263092,0.152178712571108,-8.86458454970257,0.900046591687524,1.20048417920609,0.487402837620141,4.58291261401433e-05,0.506895081079632,0.166583286870792,0.212861171772903,0.0373816637630176,0.0662984904218333,0.042129916880085,0.126971498159071,0.196504864749898,0.121534197200071,0.189007038800867,0.0520472213335675,-3.21355651687535,0.332525007061644,0.437990832732861,0.161876821091155,3.43134339129722e-06,0.194054736908997
"gamma_slr.pnls",-6.55287713202787e-17,0.0205133598347409,0.255695638298993,0.0392846403922948,0.00556124563030585,-0.000115185565308751,0.0992748131809256,0.00835138190064122,1.89204564172438e-05,0.0137390410853752,0.00191951056492004,0.00103344330680196,-18.5189859182991,0.239882819301282,0.00212253515218055,-0.000677650137684571,-0.0010930895670664,1.80940840384128,2.45276995504012,0.425130687892961,0.763070581931265,0.368685061481273,1.63205286847685,1.33830358453408,0.900970384020095,1.37545851162629,0.511236698112292,2.36788685317459,-29.2683628032537,4.03268900243424,1.93306845694153,0.257992236215441,2.23122294963222,20.0901214167503,25.5547068881828,5.06878840198187,8.56795355735328,4.55752563086755,17.904556436605,13.3646613175948,8.39574712195054,14.0792784548885,5.60461989585491,25.6493267021767,-307.221209551163,42.1362836957097,20.8145641279605,2.66967107831552,21.3866442613194,3.98567161864252,5.38744269000643,1.21820268771243,2.09021404155559,1.241018085526,3.37440156588143,3.91786562854619,2.58237483665056,4.00171233841383,1.24045651326307,9.26738963623898,-75.6858587274586,10.1359274758048,4.21224264166817,0.435623409947035,4.90276904217391
"gamma_rdc.tmp",3.15919915407799e-11,0.133046722642252,2.0692793716625,0.387950731343338,0.0852451643558269,0.00687037241374128,0.938396588513908,0.0104070618695309,0.000683272509723879,0.0153139653827923,0.00357925647326959,0.00152810266959147,0.239882819301282,-96.7044392272018,0.0624818694805448,-3.31833046344969e-05,0.0390598014494723,9.27354311458104,13.6284447075586,2.53748597228259,4.76591780946417,2.72155962468439,10.4035307987983,1.47614791729683,1.027228904878,1.5326908450906,0.611875186410401,2.26290858855216,3.19871087781952,-122.712766396235,11.3115567030742,2.45653728592351,16.5585944722593,92.5247487126669,128.629353317267,25.7255692794418,47.161956271465,26.8668337981719,100.524965562536,14.6034483406043,9.50468051957305,15.6698689063961,6.71865080693692,23.7081088424956,34.3033099374029,-1156.29121324048,107.565321149452,22.9642711921108,139.343359750032,22.9328508155122,32.9634638683428,7.58768124812707,13.4388294739682,9.73934580068749,24.0049946550931,3.57579216013012,2.48042821843867,3.70561170851373,1.22754036582812,8.54825582812684,7.18207437878619,-300.508763283322,26.3464568925556,5.66148487607342,38.5719676637756
"gamma_crtfct",-5.31789686109098e-11,-0.00555584319626299,0.0590317332876861,0.0079499394205279,-0.00378763448819636,-0.0018516978621691,0.0252814892246114,-0.000508107025606857,-0.000291816778077665,-0.000883580777353174,-0.00115166543168415,-0.000260928617571515,0.00212253515218055,0.0624818694805448,-0.831394460195583,-0.00188297349821138,-0.00295953577568231,0.307777682484664,0.499375606143297,0.082827438987596,0.176195198363229,0.0943949452381888,0.406343311303466,0.0303708243206648,0.0202894946070954,0.0306671120817079,0.0161258878327926,0.0207759106683449,0.0767804738566044,0.587303533110602,-4.68471741314911,0.0340321009562166,0.726024538474316,3.19616029051724,5.0132197955653,0.825290119951889,1.80442217130181,0.96370951190014,4.13383297103655,0.310360094002489,0.19400440531263,0.323363452576576,0.186701085646875,0.218357232274057,0.86062611253536,5.85222314853837,-45.8182798602509,0.324887019294157,6.33374102861141,0.66006605145785,1.06665747341019,0.209468433583207,0.436141129955163,0.292149507057956,0.843397750137775,0.0470848341283847,0.0318005493578829,0.0456967579246758,0.0204285166433643,0.0660767286108846,0.102780273836337,1.14989404348738,-9.71357982533731,0.0771371883174795,1.47688419477474
"gamma_co2.offset",-4.16864493490649e-18,-0.00118073896672896,0.00188693189231958,0.000149846691041039,-0.000601845022920706,-0.000104192812425592,-1.00486333494082e-05,-0.000462194225861387,-0.000188622054932942,-0.000300423924648553,-0.000105009733442345,3.41206351137841e-11,-0.000677650137684571,-3.31833046344969e-05,-0.00188297349821138,-0.204455120076052,7.64011289116691e-12,0.0265480999663933,0.0381266153259163,0.0107509343493396,0.0133916299090925,0.00634110047321747,0.0307091663865425,0.00331068861557354,0.00223482578192293,0.00374878674194749,0.00154980609303904,0.00239351196125903,0.00932409629977766,0.0527739607145276,0.0394012136274358,-0.393429710129145,0.0523064289146084,0.275944764824148,0.404087789503633,0.11464908098772,0.152612975389568,0.0674416155179772,0.31927720787364,0.0344072167536142,0.0221560452425031,0.0417612834506579,0.0172956324103813,0.0194923728390127,0.0954324745412049,0.519327789801483,0.405524380112206,-3.93954283019882,0.465089554532171,0.0551370861489923,0.0749634792433842,0.0242597432625975,0.0296342626934053,0.0189245091352872,0.0591900777579091,0.00422029284049303,0.00283000412873677,0.00442196345371032,0.00189315565824145,0.00598035545234358,0.0115409207556624,0.0989872916898718,0.0750222851321606,-0.765440058805129,0.100676415961424
"gamma_undercomp.w.offset",-3.94739574085436e-11,-0.00647482877236856,0.0408662785532971,0.00445929193785942,-0.00192092737212666,-0.000558167161748117,0.00911832973601007,-0.00188920559045152,-0.000972632038967652,-0.00210389703031836,-0.000653321060443813,-2.19903553701837e-05,-0.0010930895670664,0.0390598014494723,-0.00295953577568231,7.64011289116691e-12,-0.681387199033411,0.35953393106683,0.507107246894184,0.082022466761083,0.136690125057619,0.0634618955660971,0.370707251710649,0.0615916547087637,0.0439316101068851,0.0582143614091229,0.020606049672343,0.0595598043256164,0.143964264099205,0.725766840632559,0.471189642895744,0.200179774774281,-4.52224992586682,2.89332260726977,3.80202390638855,0.678325399493368,1.09571578114174,0.546277614589986,2.82226400460355,0.475831138968182,0.319498804167599,0.462296584867859,0.176522364828803,0.494811189685805,1.19444550884968,5.34064660031585,3.55592742907311,1.58166765422432,-34.3158524927702,0.758155928839084,1.09566623802031,0.224372098183148,0.355861833093753,0.198434114844666,0.734873110422846,0.112625530889254,0.0798657873493684,0.103617605336794,0.0321453615924371,0.194284358144798,0.245319885169908,1.46126663021856,0.949632760964307,0.390644817732581,-9.48129461687336
"asc_rplc.r.sll",2.30565898948581e-13,-10.872993425818,9.45143604677823,1.29770042455226,0.292360580166372,0.0359179483654929,3.29709813114912,0.114822992211649,0.0275332637885086,0.176135382734256,0.0238364702990751,0.044570614697111,1.80940840384128,9.27354311458104,0.307777682484664,0.0265480999663933,0.35953393106683,-625.812663849244,72.2426627341349,11.9843268343785,21.0975091012605,10.3096656508193,47.3687792287336,12.0127537721862,8.23240699955356,12.1577233623464,4.62495926165699,16.7155881244786,26.4983146792178,88.3943157483627,51.9410066864316,12.8904273234475,63.210495872422,-6134.14140526738,695.323288763541,127.821516501115,222.871540227613,110.903032494231,474.771685507689,117.343797160693,75.9015642797344,123.955290795726,50.6864191663967,182.213054405376,276.627217805708,863.636386350919,516.207266320209,125.468840965505,563.963463832402,-1424.79204272092,159.803935599566,32.717399934011,55.8463773996456,35.0113690102324,99.283474705476,27.5683594809069,18.3592497576214,27.4724795535035,9.21535897024942,60.1038676158472,55.8345883268036,195.069678878494,110.952520957861,26.3289233091949,137.309767812529
"asc_rdc.nd.cmpnst",-9.63570643669955e-15,1.5597027656308,-113.622922144562,2.05112932519882,0.486633022332333,0.0632625633416518,5.31305725207624,0.147023883791867,0.0420285071732589,0.209188505515798,0.0383681475403184,0.0581830057572848,2.45276995504012,13.6284447075586,0.499375606143297,0.0381266153259163,0.507107246894184,72.2426627341349,-921.587080486968,18.5505580165433,31.3544278521943,16.9082904223299,71.9632027682888,17.5609881294166,11.9818939222506,17.7324634466223,6.47225873009747,21.8913573797397,36.4327548153916,136.360131970238,79.0983759997398,16.9122031339474,103.367268039693,695.323288979805,-8671.78263469457,188.233942629353,314.823141575033,170.602801298471,690.267358632726,165.775443438707,105.816355932732,173.847823821603,68.0486075843961,220.95568137055,369.967965873001,1274.62294412216,750.260771523482,155.912628054286,884.331439994903,159.803935596755,-2033.86605134051,49.8750620893688,81.3863391181428,53.9471721658629,147.462083004725,38.7554757570343,26.1116264158161,38.2328990383649,12.3144868610893,76.5669138621604,76.5315256417495,287.087861199883,164.490716958406,34.9509847672871,218.922891934434
"asc_shrt.flghts",-1.28934884520954e-15,0.215158750793163,1.9128923527349,-22.5694621843538,0.168098063104255,0.01971750541846,0.910498065788066,0.0200443619440209,0.0033810905722696,0.0282243152550791,0.00658784580665882,0.00878873150513238,0.425130687892961,2.53748597228259,0.082827438987596,0.0107509343493396,0.082022466761083,11.9843268343785,18.5505580165433,-183.207040373288,11.6598399703183,6.08650868138541,12.5065679190784,2.46612098668566,1.63493864581258,2.58880041969572,0.962317331278174,3.80502064035842,5.98592591722326,25.511292386569,13.9592589910188,3.14639768590332,17.6316126589869,127.821516168467,188.233942527569,-1850.95106817,119.674798600065,66.3552393108196,128.855096688161,27.0682638656253,16.3608740357373,29.4503945160021,11.4967554549623,41.7908381031324,72.4872176355345,252.863479015907,141.728522686862,32.4117294952596,156.551477304359,32.717399629493,49.8750619534064,-499.556151221019,33.667254685661,21.8864348477462,31.6920048609869,6.99895511579682,4.52596998621552,7.20204163719639,2.48839770432875,15.4523497114069,16.7402087718735,69.9766140959788,35.9563459785303,8.1992276035699,44.5050536256515
"asc_mdm.flghts",2.48793012126028e-13,0.401956006889602,3.76445996635325,1.5224994157502,-5.1116447326005,0.0284527766223124,1.63085205916115,0.0410877177863257,0.00841963129868124,0.0602154927484686,0.0109367900884719,0.0166393891127927,0.763070581931265,4.76591780946417,0.176195198363229,0.0133916299090925,0.136690125057619,21.0975091012605,31.3544278521943,11.6598399703183,-308.290890738449,8.91465501151111,22.5723866861656,4.17358109343452,2.79192141258183,4.31382258328158,1.64358864231621,6.58424829370955,9.64099526842796,43.1996946733091,23.7950491993433,5.28845474298927,31.967966065479,222.871540519054,314.823142536947,119.674798716132,-3085.48014056721,94.2845140635056,227.229299158232,44.3040492477095,27.5032134070723,47.6127197468579,19.2061705299127,74.6044626453555,110.491458614251,432.257193436718,240.036467721356,53.9154469484427,282.907478727816,55.846378515823,81.3863420667045,33.667257554327,-812.338751456222,30.8569885140483,55.4131861634469,11.6380140063265,7.66635080410864,11.750494223009,4.11783103869756,25.4766366075566,25.5307423066536,111.770818012095,60.0040672977712,12.9745563922337,80.1534693129502
"asc_lng.flghts",1.59988443262616e-11,0.200301999991486,1.78574533979605,0.819913358975279,0.150006485074584,-0.638718656051801,0.791088563162568,0.0183140781776738,0.00431228128962183,0.0276373225152697,0.00835036190685813,0.00957772156338015,0.368685061481273,2.72155962468439,0.0943949452381888,0.00634110047321747,0.0634618955660971,10.3096656508193,16.9082904223299,6.08650868138541,8.91465501151111,-166.810026956158,11.1503995607837,2.07624712133287,1.32064082790755,2.11028917969795,0.910593536379117,3.57907516880571,5.83179069624673,26.2113846103973,11.8321114902483,2.47771907733926,16.3790699540713,110.903032341756,170.602801219656,66.3552385389568,94.2845135171909,-1702.78315789298,113.943185364947,22.3929501281227,13.1062383319299,23.6183269176883,10.8832416811127,43.7118230846996,68.3430389388629,268.008068072041,120.573268257013,25.752691842154,146.895389042576,35.0113688960445,53.9471723360489,21.8864349820509,30.8569856229472,-544.361118700016,34.6576483084142,6.89351340445251,4.37894907396929,6.98820563586696,2.74320300786557,16.0855517799662,18.1469373781831,83.1104692827374,38.2063607801549,7.75765274203599,52.3920479399313
"asc_dt",-1.64333212850931e-10,0.766348506569759,9.17398734087382,1.62363968865232,0.39447834727127,0.0423897542285466,-49.9588418501736,0.0969622402692731,0.0247752950534636,0.143928824075954,0.027208825623237,0.0353024249798248,1.63205286847685,10.4035307987983,0.406343311303466,0.0307091663865425,0.370707251710649,47.3687792287336,71.9632027682888,12.5065679190784,22.5723866861656,11.1503995607837,-675.470540468931,11.3495536243082,7.68474831004426,11.6306466190259,4.34350430071099,13.4436619350857,24.7934141406836,95.707681267102,58.3638125222708,13.1245068513351,76.8373843282886,474.771685567001,690.267358402173,128.855096419081,227.22929883737,113.943185388033,-6461.83799656704,111.655380424174,71.1383156945915,118.603576502367,47.3555302796742,140.705041991059,258.744508869157,909.192469537047,565.306910020372,123.439666107708,662.587595091534,99.2834745650139,147.462082907525,31.6920050993546,55.4131838614452,34.6576480474673,-1418.5044184151,23.428392485435,15.6344765903395,23.4751247375733,7.8425436511012,45.5679235614486,47.8662089478205,190.542186726033,116.521303632486,24.837993043174,155.789090154638
"asc_inslt.rf",-3.49861040336976e-16,0.205352460427187,1.67243993016969,0.218314148098933,0.0467407988991169,0.00684645892816088,0.555369231055444,-2.0124375855184,0.0249407709781185,0.146820457442059,0.0136770858282236,0.0477018253861647,1.33830358453408,1.47614791729683,0.0303708243206648,0.00331068861557354,0.0615916547087637,12.0127537721862,17.5609881294166,2.46612098668566,4.17358109343452,2.07624712133287,11.3495536243082,-224.925560482637,10.4891561039862,15.1316684933481,3.59925806326554,17.1578388806967,23.2841106500121,28.7359677341693,13.3284962170398,2.1648005080296,15.7619993307866,117.343796721296,165.775444167435,27.0682635211752,44.3040489417166,22.3929502497298,111.655380466694,-2134.72391806515,90.7927596077577,145.189012961929,35.6061911102485,163.432554272388,219.428423079889,272.598828199143,129.740002784645,20.3114623116422,137.133823528423,27.5683593709223,38.7554757565167,6.99895530466891,11.6380128281505,6.89351327781886,23.4283925494428,-571.124104531313,26.7554289297143,38.3978544505909,8.87269171563907,67.3145409051061,61.5787805327725,70.8539442221837,28.85625778574,3.68540745939809,34.7409289933634
"asc_inslt.fcd",1.51504574995627e-11,0.131280224445864,1.16948650903818,0.1516657517592,0.0307474158661305,0.0042466240525007,0.387032627770075,0.0766263917491139,-0.544452181803305,0.108186072253755,0.00956125663300245,0.0300200601026192,0.900970384020095,1.027228904878,0.0202894946070954,0.00223482578192293,0.0439316101068851,8.23240699955356,11.9818939222506,1.63493864581258,2.79192141258183,1.32064082790755,7.68474831004426,10.4891561039862,-157.329523758407,10.2170948693017,2.43086037759521,11.8609356091865,15.9266226237441,19.7182665416059,9.1000614809019,1.47128819565218,11.2763901331038,75.9015641587808,105.816356245973,16.3608740806581,27.5032132391949,13.1062384760149,71.138315780448,90.7927601585909,-1402.97581971189,91.6853185923975,22.4952792560858,105.374089971354,140.65269325553,175.116366790118,83.2388518413555,12.9573678787052,92.4286216894264,18.3592497806769,26.1116264499856,4.52597043233116,7.66634838484019,4.3789489599872,15.634476655457,26.7554289558259,-394.707814037987,25.5741885987704,5.92409425198997,46.3150617073061,41.5166323751045,48.0104563685503,19.4292316834724,2.43573654769206,24.7683017739346
"asc_rplc.wndws",2.25408408037592e-13,0.207991189620767,1.69075899032649,0.240269075037229,0.049181145474913,0.00696586032358676,0.590318111197817,0.109040295504434,0.0286856597245333,-2.8534340487708,0.01602771327124,0.0454567887372455,1.37545851162629,1.5326908450906,0.0306671120817079,0.00374878674194749,0.0582143614091229,12.1577233623464,17.7324634466223,2.58880041969572,4.31382258328158,2.11028917969795,11.6306466190259,15.1316684933481,10.2170948693017,-225.749805121098,3.65154707758474,16.7163623896282,22.7885433572708,28.9867941722417,13.6730597366045,2.17902898469805,15.7712702292234,123.95529115819,173.847824057094,29.4503950240817,47.612719784568,23.6183278984859,118.603577000071,145.189013896141,91.6853192316453,-2215.70415480274,37.4864731342524,166.068994635217,222.094451846081,284.249243105881,137.999660712657,21.2552807659939,142.069214133371,27.4724796349122,38.2328991062404,7.20204196324766,11.750492855312,6.98820549348897,23.475124844575,38.397854444198,25.5741886478724,-565.492274248093,8.86199663875465,66.6888041545599,59.3263148201167,70.2472516721382,29.0218280665451,3.59610200197343,34.0169396632582
"asc_vntltn",-1.11311187513817e-11,0.0808820488576587,0.696788248134909,0.0975210003850949,0.0205602565431929,0.00292665572454788,0.261380925012033,0.0298260793273646,0.00743506405492266,0.043994522132786,-0.438652147306671,0.0133992656263866,0.511236698112292,0.611875186410401,0.0161258878327926,0.00154980609303904,0.020606049672343,4.62495926165699,6.47225873009747,0.962317331278174,1.64358864231621,0.910593536379117,4.34350430071099,3.59925806326554,2.43086037759521,3.65154707758474,-79.6330951216628,5.02136618334078,7.73124194708862,10.2842121960547,5.0059640774562,0.841257447737811,5.59743060781528,50.6864189651186,68.0486072901738,11.4967550478742,19.2061700963931,10.8832414468866,47.3555301214869,35.6061908606979,22.495278929244,37.4864727030995,-834.662222824295,53.5508202003424,81.4867882814576,107.602539703972,53.7052885241207,8.76339723999257,53.7170128767922,9.21535904944318,12.3144869241759,2.4883978956237,4.11783028048348,2.74320310540773,7.84254371907963,8.87269174661434,5.92409430812686,8.86199667044421,-178.490689802021,18.8392006918939,17.8152494898837,22.0599790650961,9.49005470634955,1.23847090423244,10.626615712031
"asc_ht.pmp",5.31197862940841e-13,0.210090340387431,1.76430517793125,0.376604818744408,0.0646921156054166,0.00979578393222997,0.537095061912782,0.171030971817738,0.044117372598083,0.232307391153904,0.0172095663241036,-0.825780350484063,2.36788685317459,2.26290858855216,0.0207759106683449,0.00239351196125903,0.0595598043256164,16.7155881244786,21.8913573797397,3.80502064035842,6.58424829370955,3.57907516880571,13.4436619350857,17.1578388806967,11.8609356091865,16.7163623896282,5.02136618334078,-292.006837200461,33.2752790615362,37.6600521623233,16.4524402405964,1.93830953243851,19.2018028982007,182.21305436052,220.955681570063,41.7908377110837,74.6044626423366,43.711823135123,140.705041943498,163.432554855712,105.37408991199,166.068993745002,53.5508204308123,-2948.46635770796,334.833948856315,381.11874058202,171.316207057963,20.3134595929488,173.985213474175,60.1038676231639,76.5669138573883,15.4523501881013,25.476635959996,16.0855517216421,45.5679235643537,67.3145408959736,46.315061645884,66.6888041340407,18.8392006277334,-1092.16351556427,127.329748407716,144.055517186038,58.2596645427598,6.30108010509433,68.1715433385944
"asc_slr.pnls",1.77501259189398e-11,0.383999590637372,3.79657692577793,0.550646092003457,0.109759101582129,0.0169326081394934,1.34530205960555,0.16490041580848,0.0406500109866529,0.259907037239729,0.0355133509393353,0.0828206531052326,-29.2683628032537,3.19871087781952,0.0767804738566044,0.00932409629977766,0.143964264099205,26.4983146792178,36.4327548153916,5.98592591722326,9.64099526842796,5.83179069624673,24.7934141406836,23.2841106500121,15.9266226237441,22.7885433572708,7.73124194708862,33.2752790615362,-432.748492120749,61.2862909804266,28.7860980271982,5.40323837038369,31.6939036199321,276.627217782135,369.967963846056,72.4872171380658,110.491457259527,68.3430391006969,258.74450905653,219.428422677341,140.652693138842,222.094451217203,81.4867882781935,334.833948931821,-4356.71698909788,618.080855936686,297.843486128393,54.0000996089387,294.07477365926,55.8345882142907,76.5315256136518,16.7402089462154,25.5307411428451,18.1469371672747,47.8662089318493,61.5787804672846,41.5166323101148,59.3263147980792,17.8152493926411,127.329748301123,-1039.43701317249,141.856167640913,58.7850397070537,8.44537184698616,65.6277005696779
"asc_rdc.tmp",-1.17484143334305e-15,1.42391782233469,15.3184948356948,2.89514578875331,0.663039894353289,0.0980098365149139,6.27780514563499,0.262920313296936,0.0710051070886587,0.36869119390937,0.0532715021877696,0.111959591593365,4.03268900243424,-122.712766396235,0.587303533110602,0.0527739607145276,0.725766840632559,88.3943157483627,136.360131970238,25.511292386569,43.1996946733091,26.2113846103973,95.707681267102,28.7359677341693,19.7182665416059,28.9867941722417,10.2842121960547,37.6600521623233,61.2862909804266,-1221.32144269024,105.935624867398,23.9383055475394,134.454569310514,863.636386675752,1274.62294620918,252.863479546092,432.257194382507,268.008068646694,909.19246984006,272.598828329101,175.116366818016,284.249241759953,107.602540443939,381.118742201353,618.08085721579,-11440.5628119228,992.959881908462,216.11012436737,1131.84965305454,195.069678802922,287.087861214237,69.9766140786289,111.77081546293,83.1104693494909,190.542186760891,70.8539441665454,48.0104563111782,70.2472516391747,22.0599790360844,144.055517171719,141.856167725665,-2723.04127024894,214.931628985488,45.7374685985426,271.372087733502
"asc_crtfct",2.23077371178493e-13,0.883454360150914,10.3665515574273,1.86067756069032,0.438722629240373,0.0504720097194404,4.62721078073664,0.120459775732768,0.0309614189746541,0.172407935274764,0.0301692309502547,0.0437137656797392,1.93306845694153,11.3115567030742,-4.68471741314911,0.0394012136274358,0.471189642895744,51.9410066864316,79.0983759997398,13.9592589910188,23.7950491993433,11.8321114902483,58.3638125222708,13.3284962170398,9.1000614809019,13.6730597366045,5.0059640774562,16.4524402405964,28.7860980271982,105.935624867398,-739.839545494593,16.2953605674442,82.5798650069594,516.207266283113,750.260771339257,141.728522801391,240.036468200913,120.573268181807,565.306910263023,129.740003308487,83.2388519659385,137.999660145394,53.7052887257823,171.316207435879,297.843486595209,992.959882185764,-7010.23068883928,151.613121926862,703.980443558488,110.952520895182,164.490716934215,35.956345931568,60.0040639168387,38.2063606035488,116.521303726265,28.8562576434986,19.4292315766853,29.0218279355809,9.49005462448954,58.2596644044622,58.7850396118223,214.931628774214,-1586.1097528878,31.4048543843851,168.334927930307
"asc_co2.offset",1.25852868266706e-11,0.129602153589215,2.39214314630221,0.367146154590835,0.0575471931506441,0.00296611787911025,0.883802575708653,0.00987268053168921,0.00173175184182671,0.0170304772693004,0.00259924458786539,6.54776429214265e-06,0.257992236215441,2.45653728592351,0.0340321009562166,-0.393429710129145,0.200179774774281,12.8904273234475,16.9122031339474,3.14639768590332,5.28845474298927,2.47771907733926,13.1245068513351,2.1648005080296,1.47128819565218,2.17902898469805,0.841257447737811,1.93830953243851,5.40323837038369,23.9383055475394,16.2953605674442,-163.694786239016,14.2772615214809,125.468840849767,155.912628409148,32.4117294990783,53.9154466488568,25.7526919859276,123.439666132718,20.311462531378,12.9573678236357,21.2552804645676,8.76339728749785,20.3134596053998,54.00009993476,216.110123829502,151.613121782446,-1510.14819491334,118.021796470476,26.3289233065985,34.9509846459157,8.19922762340606,12.9745537015722,7.75765248409478,24.8379929988079,3.6854073935073,2.43573649096142,3.59610185737527,1.23847075316472,6.30108002947589,8.44537178223006,45.7374684879509,31.4048543058069,-328.370951374811,28.1521447746056
