"","alpha_base","gamma_rplc.r.sll","gamma_rdc.nd.cmpnst","gamma_shrt.flghts","gamma_mdm.flghts","gamma_lng.flghts","gamma_dt","gamma_inslt.rf","gamma_inslt.fcd","gamma_rplc.wndws","gamma_vntltn","gamma_ht.pmp","gamma_slr.pnls","gamma_rdc.tmp","gamma_crtfct","gamma_co2.offset","gamma_undercomp.w.offset","asc_rplc.r.sll","asc_rdc.nd.cmpnst","asc_shrt.flghts","asc_mdm.flghts","asc_lng.flghts","asc_dt","asc_inslt.rf","asc_inslt.fcd","asc_rplc.wndws","asc_vntltn","asc_ht.pmp","asc_slr.pnls","asc_rdc.tmp","asc_crtfct","asc_co2.offset","asc_undercomp.w.offset"
"alpha_base",0,-4.08670271368614e-17,1.63646356759946e-16,-7.10040464817741e-17,1.45833189879351e-17,6.31719788076716e-19,-6.31202941911835e-16,-6.95824133073112e-18,1.5882293855405e-18,1.28058625216043e-17,-4.77967194513994e-18,-1.4745711862327e-18,9.30961860600703e-16,3.59662718413385e-16,1.91019570856468e-17,3.15132147215775e-18,1.44299764597613e-16,2.38396434822627e-13,-1.63512302393239e-15,2.47119410319352e-13,-4.74851536908489e-15,2.25296535224702e-13,-6.56819516812754e-15,2.22326252979523e-13,-3.56909670020017e-15,2.55062036051586e-15,6.30958593507168e-16,9.06771015266056e-16,-3.83813748649628e-15,1.2504195430191e-14,-1.17993580331987e-14,1.22264272476388e-16,5.6480194027994e-15
"gamma_rplc.r.sll",-4.08670271368614e-17,-4.66391109067814,0.0979620864880519,0.0184441001855153,0.000362389800607648,-0.00142279597553176,0.0469083049859676,-0.00128337190616829,-0.001465115781036,-0.000742676215441754,-0.000605822055585554,-0.00210983240423001,0.0183332357625761,0.122861454089462,-0.00585455990753238,-0.00122520090120526,-0.00645739393331532,-10.4778564522356,1.49607211841266,0.202052496635047,0.37457623872224,0.190763370228683,0.727381570376892,0.203485027665361,0.136026016254723,0.197054734381586,0.0729414250601318,0.217006181202009,0.355525073541733,1.35220533446224,0.834187918856775,0.127865851484803,1.17917644999014
"gamma_rdc.nd.cmpnst",1.63646356759946e-16,0.0979620864880519,-206.798301785679,0.308866842255346,0.067741767101787,0.00385292236292198,0.815905342057518,0.0103072002462156,0.000209458966036052,0.0175592817829934,0.00325480768694287,0.00144750773565291,0.253426351047776,1.96487444646484,0.0548084362958614,0.00108158675302639,0.03377956405263,9.20421287078231,-110.887683947787,1.94875439151801,3.75528792304956,1.89270698524707,8.83652942447746,1.66669578782181,1.17963474239379,1.6569270261481,0.662269384136109,2.04674245628848,3.74504667224554,14.8799047621531,9.95877835017554,2.27918211360554,13.9825903644914
"gamma_shrt.flghts",-7.10040464817741e-17,0.0184441001855153,0.308866842255346,-30.2029359623988,0.0320111402082176,0.00184482984024215,0.146524883686074,0.00163847483944706,-1.64324586924118e-05,0.00228051092387803,0.000611471039384231,0.000220715466447378,0.0366406768871372,0.355222728062359,0.00802642715740064,0.00022483725644058,0.00406922548435827,1.2642830272022,2.15691962520902,-22.6422896300767,1.51051590742059,0.799347649735462,1.68263372277602,0.226355057728521,0.171766219582328,0.234301184674825,0.0907266437330642,0.355837242187915,0.52633427805405,2.7534924440965,1.88255704029701,0.368414704478384,2.62191316342958
"gamma_mdm.flghts",1.45833189879351e-17,0.000362389800607648,0.067741767101787,0.0320111402082176,-1.53281703568099,-0.00165093171224582,0.0275897011196387,-0.000366247928665355,-0.000201132373679778,-0.000240369444014578,-0.000223567356110869,-0.000450334528158516,0.00521552865437476,0.077927022346768,-0.0037271083271481,-0.00061933413881174,-0.00191667043984046,0.287862405202864,0.499535939797904,0.166874381697646,-5.11195310804657,0.1491810312856,0.407091019230804,0.0481432582971243,0.0332857805088739,0.0486764813029437,0.0197640345325288,0.0643180883563254,0.106472509950084,0.638656539884359,0.438020850731998,0.0543509319396255,0.671276920273735
"gamma_lng.flghts",6.31719788076716e-19,-0.00142279597553176,0.00385292236292198,0.00184482984024215,-0.00165093171224582,-0.055119448422577,0.000848021347900843,-0.000328709550231959,-0.000217862831215061,-0.000367094978188755,-0.000189251744227553,-0.000267453526311187,-0.000241953828109501,0.00493020560031491,-0.00184250648736893,-0.000100533588465238,-0.000551254823526272,0.0380210888784017,0.0683067462229033,0.019328193612507,0.0279231962135648,-0.637187326408109,0.0472452542971351,0.00664252175978921,0.00446143687996195,0.00653243045171544,0.00266454488784046,0.00949345470854361,0.0153995654221522,0.0864115282105783,0.0517225066228405,0.0034448964972934,0.0741010446638106
"gamma_dt",-6.31202941911835e-16,0.0469083049859676,0.815905342057518,0.146524883686074,0.0275897011196387,0.000848021347900843,-135.815343520935,0.00250488312515493,-0.000376336425155967,0.00410478744671591,0.000637784735163525,-0.000307684194595783,0.0924170627520251,0.897410410381433,0.0217048190416959,-0.000276899035645372,0.00736242602677915,3.03315691490824,5.02880249328679,0.916211648029376,1.57463651099867,0.82026139540057,-48.0884072469103,0.544536779349776,0.389493473870098,0.559310809532223,0.232535793632912,0.624097658073067,1.25431939750865,6.03656784243017,4.35960984615599,0.86018896288886,6.63638241320835
"gamma_inslt.rf",-6.95824133073112e-18,-0.00128337190616829,0.0103072002462156,0.00163847483944706,-0.000366247928665355,-0.000328709550231959,0.00250488312515493,-0.948994213595948,-0.00420260399543204,-0.00267719154723685,-0.00101566760329948,-0.00134517539612629,0.00749500836784236,0.0104461423307166,-0.000508848104881726,-0.000462484707042407,-0.00187853597030924,0.11590794603569,0.149855526583898,0.0194860546063369,0.0408050369200632,0.0171645286577844,0.0989992118515446,-1.9546249800137,0.0761093711752088,0.109039962861882,0.0299915626557387,0.136390431199251,0.154061738989302,0.255082586273011,0.123436078971715,0.00988689384296443,0.157358751975311
"gamma_inslt.fcd",1.5882293855405e-18,-0.001465115781036,0.000209458966036052,-1.64324586924118e-05,-0.000201132373679778,-0.000217862831215061,-0.000376336425155967,-0.00420260399543204,-0.217174914310814,-0.0025140802510616,-0.00082303364560331,-0.00125716797072814,-0.000421639758138455,0.000595553443108681,-0.000290993504816276,-0.000187895735883573,-0.000965313543122415,0.0275974425171902,0.0412920840215253,0.00344967405795776,0.00882765234880621,0.00461131692498512,0.0248338689926653,0.0233393999742103,-0.50707627013406,0.0275572818487477,0.00727403214383318,0.0353420721432422,0.0364072242204698,0.0659147487891091,0.0307610749770173,0.00171605191840233,0.0387705373175781
"gamma_rplc.wndws",1.28058625216043e-17,-0.000742676215441754,0.0175592817829934,0.00228051092387803,-0.000240369444014578,-0.000367094978188755,0.00410478744671591,-0.00267719154723685,-0.0025140802510616,-2.0674366269852,-0.000709025906899906,-0.00169555156437029,0.0125284837054019,0.0152311570629636,-0.000893231597033931,-0.000300830411317742,-0.00205260675904644,0.167936470158938,0.21198289725065,0.0274710686417029,0.0585523017160774,0.0253723337819,0.13908577294659,0.149754938028853,0.114138434265751,-2.7841018788532,0.0428132818728694,0.200487929319043,0.247493611952848,0.356365714681117,0.169172114316575,0.0155249055435407,0.214939994592924
"gamma_vntltn",-4.77967194513994e-18,-0.000605822055585554,0.00325480768694287,0.000611471039384231,-0.000223567356110869,-0.000189251744227553,0.000637784735163525,-0.00101566760329948,-0.00082303364560331,-0.000709025906899906,-1.57200192681028,-0.000391629478988655,0.00201566869342183,0.00366664997964508,-0.00117656697324544,-0.000104810752733918,-0.000644750140452588,0.0219646865749694,0.0362363123694068,0.00618471159766999,0.00949479165704139,0.00721402123965344,0.0244354826946256,0.0148630360453923,0.0108485995164452,0.0164838370457172,-0.428594480118858,0.014958053736557,0.0372391846652039,0.0512804620169796,0.0281494201877381,0.00245458601363582,0.0427323511141875
"gamma_ht.pmp",-1.4745711862327e-18,-0.00210983240423001,0.00144750773565291,0.000220715466447378,-0.000450334528158516,-0.000267453526311187,-0.000307684194595783,-0.00134517539612629,-0.00125716797072814,-0.00169555156437029,-0.000391629478988655,-0.0169364766787337,-0.000514077251073437,0.00066428083311015,-0.000256030140202514,3.5716643017855e-11,-2.1461893488126e-05,0.0440828214233149,0.0647505972890423,0.0078322529311634,0.0158984274056731,0.00895831196654107,0.0391262744050251,0.037831521899769,0.0251906606970128,0.0363020485161577,0.0112637447056577,-0.770154407729568,0.0643208646741002,0.0927591511264902,0.0439925955046731,7.15274288533319e-06,0.0569367593521856
"gamma_slr.pnls",9.30961860600703e-16,0.0183332357625761,0.253426351047776,0.0366406768871372,0.00521552865437476,-0.000241953828109501,0.0924170627520251,0.00749500836784236,-0.000421639758138455,0.0125284837054019,0.00201566869342183,-0.000514077251073437,-17.8880024670984,0.247978165467727,0.00220938778513366,-0.000749909489959532,-0.000855518974201731,1.73869896441243,2.45010843794919,0.400139626270891,0.732634310284311,0.327348793434373,1.57151954678035,1.25868169139995,0.873385384857302,1.28364237133778,0.503814973150334,1.90906401619042,-28.2985827520126,3.9523425576283,1.89660972435851,0.253071278443688,2.44267948310392
"gamma_rdc.tmp",3.59662718413385e-16,0.122861454089462,1.96487444646484,0.355222728062359,0.077927022346768,0.00493020560031491,0.897410410381433,0.0104461423307166,0.000595553443108681,0.0152311570629636,0.00366664997964508,0.00066428083311015,0.247978165467727,-92.796495597454,0.0587119639709294,-0.000356759371173597,0.0301731020526378,8.78280146007992,13.0400700769403,2.30007949392879,4.36789815612509,2.29373751264042,10.09972825796,1.48459253914383,1.04968411150341,1.51444768191524,0.621058470871446,1.98558513818872,3.25811550760878,-117.734135776593,10.9544093518779,2.40865424699169,16.0454846853286
"gamma_crtfct",1.91019570856468e-17,-0.00585455990753238,0.0548084362958614,0.00802642715740064,-0.0037271083271481,-0.00184250648736893,0.0217048190416959,-0.000508848104881726,-0.000290993504816276,-0.000893231597033931,-0.00117656697324544,-0.000256030140202514,0.00220938778513366,0.0587119639709294,-0.823318360049339,-0.00187082546748302,-0.00296413040521755,0.294095322661958,0.485442959832044,0.0826699715153352,0.173040651288128,0.093654776446737,0.394275306955245,0.0310379587990843,0.021083093854976,0.0300031308613917,0.0149414709586456,0.0222055754794486,0.076976369504395,0.58335615477007,-4.61151562172895,0.0346752255832535,0.72936479045112
"gamma_co2.offset",3.15132147215775e-18,-0.00122520090120526,0.00108158675302639,0.00022483725644058,-0.00061933413881174,-0.000100533588465238,-0.000276899035645372,-0.000462484707042407,-0.000187895735883573,-0.000300830411317742,-0.000104810752733918,3.5716643017855e-11,-0.000749909489959532,-0.000356759371173597,-0.00187082546748302,-0.202190280983344,1.83905977512362e-10,0.0244085880357792,0.0346385303668433,0.0102219953617783,0.0121251045661107,0.00631637804270192,0.0283582706964078,0.00317571269433477,0.00220299420053101,0.00333677554685641,0.00131307940334451,0.00286366502336216,0.00884355165306619,0.0512670776831011,0.0367479834676613,-0.374667393596435,0.0519739857587224
"gamma_undercomp.w.offset",1.44299764597613e-16,-0.00645739393331532,0.03377956405263,0.00406922548435827,-0.00191667043984046,-0.000551254823526272,0.00736242602677915,-0.00187853597030924,-0.000965313543122415,-0.00205260675904644,-0.000644750140452588,-2.1461893488126e-05,-0.000855518974201731,0.0301731020526378,-0.00296413040521755,1.83905977512362e-10,-0.644548330496614,0.345117050054157,0.452953049140425,0.0792151106028536,0.128278080981393,0.0625624228659892,0.342042287687261,0.0581298602549395,0.0380269076012636,0.0566312328368947,0.0210681164866633,0.0641872270636973,0.146112514176645,0.654712284125155,0.431071351186345,0.189691257113205,-4.13040750444945
"asc_rplc.r.sll",2.38396434822627e-13,-10.4778564522356,9.20421287078231,1.2642830272022,0.287862405202864,0.0380210888784017,3.03315691490824,0.11590794603569,0.0275974425171902,0.167936470158938,0.0219646865749694,0.0440828214233149,1.73869896441243,8.78280146007992,0.294095322661958,0.0244085880357792,0.345117050054157,-628.397901078606,73.0318716410698,11.8227872120036,20.8067806739234,10.4305924914152,47.0548656670438,12.1775146260593,8.44958667252592,12.1797750711054,4.4459408992875,18.0099448587395,26.342959122858,87.7842511198515,51.4893779130769,12.8031843121901,64.9211560523887
"asc_rdc.nd.cmpnst",-1.63512302393239e-15,1.49607211841266,-110.887683947787,2.15691962520902,0.499535939797904,0.0683067462229033,5.02880249328679,0.149855526583898,0.0412920840215253,0.21198289725065,0.0362363123694068,0.0647505972890423,2.45010843794919,13.0400700769403,0.485442959832044,0.0346385303668433,0.452953049140425,73.0318716410698,-925.614720757648,19.2741346782427,32.2080047713395,18.2289414315295,71.5892146648504,17.9320411759068,12.1821285772419,18.0025109784229,6.4007883948534,25.7582034107608,36.8198314039332,134.5409796875,78.2176345721255,16.8835902874244,103.22304582324
"asc_shrt.flghts",2.47119410319352e-13,0.202052496635047,1.94875439151801,-22.6422896300767,0.166874381697646,0.019328193612507,0.916211648029376,0.0194860546063369,0.00344967405795776,0.0274710686417029,0.00618471159766999,0.0078322529311634,0.400139626270891,2.30007949392879,0.0826699715153352,0.0102219953617783,0.0792151106028536,11.8227872120036,19.2741346782427,-184.024816364253,11.5358108329813,5.94702806588234,12.8853962903435,2.51186667578343,1.75845783465551,2.53854528849722,0.925020538104528,3.77130454261334,5.75658409303776,24.5021463959209,14.0865694614545,3.15061884925204,18.4279758840754
"asc_mdm.flghts",-4.74851536908489e-15,0.37457623872224,3.75528792304956,1.51051590742059,-5.11195310804657,0.0279231962135648,1.57463651099867,0.0408050369200632,0.00882765234880621,0.0585523017160774,0.00949479165704139,0.0158984274056731,0.732634310284311,4.36789815612509,0.173040651288128,0.0121251045661107,0.128278080981393,20.8067806739234,32.2080047713395,11.5358108329813,-308.619691419935,8.84308816315502,23.1080238001068,4.23193404274277,2.9635985002093,4.25292201542342,1.58379386979756,6.73252063145527,9.41813868252549,41.652966802649,23.7604175314498,5.21043542844589,33.0083633501898
"asc_lng.flghts",2.25296535224702e-13,0.190763370228683,1.89270698524707,0.799347649735462,0.1491810312856,-0.637187326408109,0.82026139540057,0.0171645286577844,0.00461131692498512,0.0253723337819,0.00721402123965344,0.00895831196654107,0.327348793434373,2.29373751264042,0.093654776446737,0.00631637804270192,0.0625624228659892,10.4305924914152,18.2289414315295,5.94702806588234,8.84308816315502,-167.089606121423,12.1944788454374,2.04314960302011,1.37769521085609,2.03417550888025,0.85758869404752,3.60707600077485,5.41941540536693,23.7543097751141,12.1075252966174,2.56052087061628,17.0343477385846
"asc_dt",-6.56819516812754e-15,0.727381570376892,8.83652942447746,1.68263372277602,0.407091019230804,0.0472452542971351,-48.0884072469103,0.0989992118515446,0.0248338689926653,0.13908577294659,0.0244354826946256,0.0391262744050251,1.57151954678035,10.09972825796,0.394275306955245,0.0283582706964078,0.342042287687261,47.0548656670438,71.5892146648504,12.8853962903435,23.1080238001068,12.1944788454374,-677.539506959409,11.4631776081698,7.87450935018648,11.539312550021,4.09907214972381,16.0338076411912,24.3345124094515,95.0043306388287,57.6717136806136,13.0362939324839,77.4297362808866
"asc_inslt.rf",2.22326252979523e-13,0.203485027665361,1.66669578782181,0.226355057728521,0.0481432582971243,0.00664252175978921,0.544536779349776,-1.9546249800137,0.0233393999742103,0.149754938028853,0.0148630360453923,0.037831521899769,1.25868169139995,1.48459253914383,0.0310379587990843,0.00317571269433477,0.0581298602549395,12.1775146260593,17.9320411759068,2.51186667578343,4.23193404274277,2.04314960302011,11.4631776081698,-224.778580433931,10.5281496193233,15.4882718366098,3.67333596483593,14.8762693375942,23.1511846274203,28.843067150052,13.5574539966925,2.18230784293644,16.4573419675925
"asc_inslt.fcd",-3.56909670020017e-15,0.136026016254723,1.17963474239379,0.171766219582328,0.0332857805088739,0.00446143687996195,0.389493473870098,0.0761093711752088,-0.50707627013406,0.114138434265751,0.0108485995164452,0.0251906606970128,0.873385384857302,1.04968411150341,0.021083093854976,0.00220299420053101,0.0380269076012636,8.44958667252592,12.1821285772419,1.75845783465551,2.9635985002093,1.37769521085609,7.87450935018648,10.5281496193233,-157.60518243253,10.4799676941339,2.51928943744949,10.4008698252852,15.7389911225138,19.7455661340112,9.35183285110439,1.46395694795332,11.4197677377191
"asc_rplc.wndws",2.55062036051586e-15,0.197054734381586,1.6569270261481,0.234301184674825,0.0486764813029437,0.00653243045171544,0.559310809532223,0.109039962861882,0.0275572818487477,-2.7841018788532,0.0164838370457172,0.0363020485161577,1.28364237133778,1.51444768191524,0.0300031308613917,0.00333677554685641,0.0566312328368947,12.1797750711054,18.0025109784229,2.53854528849722,4.25292201542342,2.03417550888025,11.539312550021,15.4882718366098,10.4799676941339,-225.507451658202,3.68437869586797,14.8228497265797,22.7679575814855,29.0547980758302,13.7277009026711,2.16700588970118,16.6725693346027
"asc_vntltn",6.30958593507168e-16,0.0729414250601318,0.662269384136109,0.0907266437330642,0.0197640345325288,0.00266454488784046,0.232535793632912,0.0299915626557387,0.00727403214383318,0.0428132818728694,-0.428594480118858,0.0112637447056577,0.503814973150334,0.621058470871446,0.0149414709586456,0.00131307940334451,0.0210681164866633,4.4459408992875,6.4007883948534,0.925020538104528,1.58379386979756,0.85758869404752,4.09907214972381,3.67333596483593,2.51928943744949,3.68437869586797,-79.6210972378723,4.68914884033693,7.8928371640708,10.4666371281427,4.88811319561344,0.790111783759786,6.10760187688624
"asc_ht.pmp",9.06771015266056e-16,0.217006181202009,2.04674245628848,0.355837242187915,0.0643180883563254,0.00949345470854361,0.624097658073067,0.136390431199251,0.0353420721432422,0.200487929319043,0.014958053736557,-0.770154407729568,1.90906401619042,1.98558513818872,0.0222055754794486,0.00286366502336216,0.0641872270636973,18.0099448587395,25.7582034107608,3.77130454261334,6.73252063145527,3.60707600077485,16.0338076411912,14.8762693375942,10.4008698252852,14.8228497265797,4.68914884033693,-292.431881640495,28.7952156595973,33.7709395995667,17.9789331523124,2.22911831937233,21.4110398028825
"asc_slr.pnls",-3.83813748649628e-15,0.355525073541733,3.74504667224554,0.52633427805405,0.106472509950084,0.0153995654221522,1.25431939750865,0.154061738989302,0.0364072242204698,0.247493611952848,0.0372391846652039,0.0643208646741002,-28.2985827520126,3.25811550760878,0.076976369504395,0.00884355165306619,0.146112514176645,26.342959122858,36.8198314039332,5.75658409303776,9.41813868252549,5.41941540536693,24.3345124094515,23.1511846274203,15.7389911225138,22.7679575814855,7.8928371640708,28.7952156595973,-431.880094593096,62.6478973203657,28.8564722014339,5.341798660724,34.4455484245493
"asc_rdc.tmp",1.2504195430191e-14,1.35220533446224,14.8799047621531,2.7534924440965,0.638656539884359,0.0864115282105783,6.03656784243017,0.255082586273011,0.0659147487891091,0.356365714681117,0.0512804620169796,0.0927591511264902,3.9523425576283,-117.734135776593,0.58335615477007,0.0512670776831011,0.654712284125155,87.7842511198515,134.5409796875,24.5021463959209,41.652966802649,23.7543097751141,95.0043306388287,28.843067150052,19.7455661340112,29.0547980758302,10.4666371281427,33.7709395995667,62.6478973203657,-1216.406495912,106.694371127491,24.3219403008756,136.339285136551
"asc_crtfct",-1.17993580331987e-14,0.834187918856775,9.95877835017554,1.88255704029701,0.438020850731998,0.0517225066228405,4.35960984615599,0.123436078971715,0.0307610749770173,0.169172114316575,0.0281494201877381,0.0439925955046731,1.89660972435851,10.9544093518779,-4.61151562172895,0.0367479834676613,0.431071351186345,51.4893779130769,78.2176345721255,14.0865694614545,23.7604175314498,12.1075252966174,57.6717136806136,13.5574539966925,9.35183285110439,13.7277009026711,4.88811319561344,17.9789331523124,28.8564722014339,106.694371127491,-740.554019383827,16.2884030544723,82.7501337019917
"asc_co2.offset",1.22264272476388e-16,0.127865851484803,2.27918211360554,0.368414704478384,0.0543509319396255,0.0034448964972934,0.86018896288886,0.00988689384296443,0.00171605191840233,0.0155249055435407,0.00245458601363582,7.15274288533319e-06,0.253071278443688,2.40865424699169,0.0346752255832535,-0.374667393596435,0.189691257113205,12.8031843121901,16.8835902874244,3.15061884925204,5.21043542844589,2.56052087061628,13.0362939324839,2.18230784293644,1.46395694795332,2.16700588970118,0.790111783759786,2.22911831937233,5.341798660724,24.3219403008756,16.2884030544723,-163.890587581911,14.1361820010563
"asc_undercomp.w.offset",5.6480194027994e-15,1.17917644999014,13.9825903644914,2.62191316342958,0.671276920273735,0.0741010446638106,6.63638241320835,0.157358751975311,0.0387705373175781,0.214939994592924,0.0427323511141875,0.0569367593521856,2.44267948310392,16.0454846853286,0.72936479045112,0.0519739857587224,-4.13040750444945,64.9211560523887,103.22304582324,18.4279758840754,33.0083633501898,17.0343477385846,77.4297362808866,16.4573419675925,11.4197677377191,16.6725693346027,6.10760187688624,21.4110398028825,34.4455484245493,136.339285136551,82.7501337019917,14.1361820010563,-950.763584524517
